7a74G7m23Vrp0o5c9277931.7
-1,2,-94,-100,
Mozilla/5.0 (Windows NT 10.0; Win64; x64; rv:87.0) Gecko/20100101 Firefox/87.0,
uaend,
11059,
20100101,
en-US,
Gecko,
0,
0,
0,
0,
400889,
7443752,
2560,1080,2560,1080,2560,1080,2560
,,cpen:0,
i1:0,
dm:0,
cwen:0,
non:1,
opc:0,
fc:1,
sc:0,
wrc:1,
isc:79,
vib:1,
bat:0,
x11:0,
x12:1,
5565,
0.602297986301,
814658721875.5,
0,
loc:
-1,2,-94,-101,
do_en,dm_en,t_dis
-1,2,-94,-105,
-1,2,-94,-102,
0,2,1,0,2328,1230,0;1,2,1,0,2363,883,0;-1,-1,1,0,-1,317,0;-1,2,-94,-108,
0,1,9873,-2,0,0,1230;
1,3,9875,-2,0,0,1230;
2,2,9954,-2,0,0,1230;
3,1,10062,-2,0,0,1230;
4,3,10062,-2,0,0,1230;
5,2,10116,-2,0,0,1230;
6,1,10209,-2,0,0,1230;
7,3,10210,-2,0,0,1230;
8,2,10270,-2,0,0,1230;
9,1,10366,-2,0,0,1230;
10,3,10367,-2,0,0,1230;
11,2,10426,-2,0,0,1230;
12,1,10501,-2,0,0,1230;
13,3,10502,-2,0,0,1230;
14,2,10564,-2,0,0,1230;
15,1,10575,-2,0,0,1230;
16,3,10576,-2,0,0,1230;
17,2,10643,-2,0,0,1230;
18,1,10661,-2,0,0,1230;
19,3,10661,-2,0,0,1230;
20,2,10732,-2,0,0,1230;
21,1,10756,-2,0,0,1230;
22,3,10756,-2,0,0,1230;
23,2,10804,-2,0,0,1230;
24,1,10822,-2,0,0,1230;
25,3,10823,-2,0,0,1230;
26,1,10897,-2,0,0,1230;
27,3,10897,-2,0,0,1230;
28,2,10902,-2,0,0,1230;
29,1,10990,-2,0,0,1230;
30,3,10991,-2,0,0,1230;
31,2,11009,-2,0,0,1230;
32,2,11054,-2,0,0,1230;
33,1,11133,-2,0,0,1230;
34,3,11133,-2,0,0,1230;
35,1,11190,-2,0,0,1230;
36,3,11191,-2,0,0,1230;
37,2,11231,-2,0,0,1230;
38,1,11266,16,0,8,1230;
39,2,11310,-2,0,8,1230;
40,1,11355,-2,0,8,1230;
41,3,11356,-2,0,8,1230;
42,2,11396,16,0,0,1230;
43,2,11433,-2,0,0,1230;
44,1,11466,-2,0,0,1230;
45,3,11467,-2,0,0,1230;
46,2,11564,-2,0,0,1230;
47,1,11689,-2,0,0,1230;
48,3,11690,-2,0,0,1230;
49,1,11792,-2,0,0,1230;
50,3,11793,-2,0,0,1230;
51,2,11795,-2,0,0,1230;
52,1,11850,-2,0,0,1230;
53,3,11851,-2,0,0,1230;
54,2,11881,-2,0,0,1230;
55,2,11932,-2,0,0,1230;
56,1,12011,-2,0,0,1230;
57,3,12011,-2,0,0,1230;
58,2,12081,-2,0,0,1230;
59,1,12151,-2,0,0,1230;
60,3,12152,-2,0,0,1230;
61,1,12235,-2,0,0,1230;
62,3,12236,-2,0,0,1230;
63,2,12248,-2,0,0,1230;
64,1,12338,-2,0,0,1230;
65,3,12339,-2,0,0,1230;
66,2,12342,-2,0,0,1230;
67,1,12408,-2,0,0,1230;
68,3,12409,-2,0,0,1230;
69,2,12495,-2,0,0,1230;
70,1,12509,9,0,0,1230;
71,2,12549,-2,0,0,883;
72,2,12592,9,0,0,883;
73,1,12916,-2,0,0,883;
74,3,12917,-2,0,0,883;
75,1,12926,-2,0,0,883;
76,3,12927,-2,0,0,883;
77,1,12944,-2,0,0,883;
78,3,12945,-2,0,0,883;
79,1,12947,-2,0,0,883;
80,3,12947,-2,0,0,883;
81,1,12947,-2,0,0,883;
82,3,12947,-2,0,0,883;
83,1,13001,-2,0,0,883;
84,1,13436,13,0,0,883;
-1,2,-94,-110,
0,1,755,1879,2;1,1,793,1893,2;2,1,858,1896,9;3,1,971,1897,9;4,1,1046,1938,32;5,1,1128,1954,30;6,1,1203,1955,29;7,1,2040,1955,28;8,3,2041,1955,28,-1;9,4,2044,1955,28,-1;10,2,2044,1955,28,-1;11,1,2062,1893,32;12,1,2794,1356,388;13,1,2869,1355,388;14,1,2941,1354,379;15,1,3018,1349,384;16,1,3092,1337,385;17,1,3176,1321,394;18,1,3260,1319,394;19,1,3339,1265,425;20,1,3415,1170,692;21,1,3491,1173,838;22,1,3518,1170,851;23,1,3542,1163,881;24,1,3602,1164,924;25,1,3772,1165,926;26,1,3774,1223,960;27,1,4908,1239,956;28,1,4932,1238,954;29,1,4945,1208,901;30,1,4950,1182,858;31,1,4958,1163,828;32,1,4966,1142,798;33,1,4974,1116,761;34,1,4983,1086,718;35,1,4991,1056,676;36,1,4999,1021,629;37,1,5008,986,586;38,1,5017,950,546;39,1,5025,910,501;40,1,5033,877,468;41,1,5041,845,436;42,1,5050,814,409;43,1,5058,782,384;44,1,5066,757,365;45,1,5075,733,349;46,1,5083,714,337;47,1,5091,696,327;48,1,5100,678,317;49,1,5108,660,309;50,1,5116,644,300;51,1,5125,629,293;52,1,5133,611,286;53,1,5141,593,279;54,1,5149,572,272;55,1,5158,547,265;56,1,5166,524,260;57,1,5174,500,256;58,1,5183,474,251;59,1,5191,448,249;60,1,5199,424,248;61,1,5207,393,248;62,1,5216,364,249;63,1,5225,338,252;64,1,5233,313,258;65,1,5241,295,263;66,1,5249,282,269;67,1,5258,274,277;68,1,5266,271,283;69,1,5274,270,287;70,1,5283,270,291;71,1,5289,270,292;72,3,5289,270,292,-1,3;73,1,5299,270,293;74,4,5363,270,293,-1,3;75,1,5400,273,294;76,1,5981,397,544;77,1,6007,422,529;78,1,6016,442,520;79,1,6026,447,518;80,1,6033,493,500;81,1,6041,497,499;82,1,6258,1194,223;83,1,6299,1195,223;84,1,6316,1199,224;85,1,6339,1201,225;86,1,6350,1205,230;87,1,6368,1209,239;88,1,6374,1209,248;89,1,6382,1209,255;90,1,6384,1208,260;91,1,7367,1523,257;92,1,7374,1563,246;93,1,7383,1605,231;94,1,7391,1641,217;95,1,7400,1673,201;96,1,7408,1703,185;97,1,7416,1727,172;98,1,7424,1748,161;99,1,7433,1768,151;100,1,7441,1785,144;101,1,7449,1801,137;102,1,7458,1819,131;103,1,7466,1833,126;104,1,7475,1848,122;141,3,7986,1943,35,-1;142,4,8074,1943,35,-1;143,2,8075,1943,35,-1;203,3,8692,1284,486,2003;204,4,8756,1284,486,2003;205,2,8756,1284,486,2003;214,3,9645,1283,451,1230;223,4,9713,1329,446,1230;224,2,9713,1329,446,1230;-1,2,-94,-117,-1,2,-94,-111,-1,2,-94,-109,-1,2,-94,-114,-1,2,-94,-103,2,6046;3,7984;-1,2,-94,-112,https://www.nike.com/launch-1,2,-94,-115,1080940,767619,32,0,0,0,1848526,13436,0,1629317443751,14,17429,85,229,2904,10,0,13437,1571821,0,F21D591EAA9646EC3CD205B7B7E21172~-1~YAAQQHwauEhnVRx7AQAA0mbjWgb2pJZ/BALu7Bv3CSLcK2kagkEK37JlYjRV1JbWZxfDegeRMMu3ujBeLIxiIh1jU1Kt9STsT5BUqUMbooB8NL0AE8ck1UWttp2L+gtOg/J240hIzKvEs/HPBfLL2HUuiAuMwFWEuWKt/El60zCUS5iF1HF3V7yYViKdZVxZvdEDTkH6Qt/Epmqq8aX/U9gX5897zgx1T+zGoK/zXy8clJSXW4Fb86M6a9oDp9HvvFg6n9AziQE91cRS+fU1LOSt9Oc/esQdl5vu+GJvEh3Bhkp7y8Hvy6nA9460Legv4s42uMsrOVAU2IboWxKJ/WVomp8PzFBeqnBlbG4ifBWHy7iOxoAVVqHHbLL/5rnznt62JyugCK4+9m3fi5/r9btthYBxfhdLZUz4ZpNh60R1/9uQULJnjYlLhLF5ca2wzZlcER3pIYyTiD8SruQgOCg=~-1~-1~-1,42653,75,-1380219152,26067385,PiZtE,77524,39,0,-1-1,2,-94,-106,3,9-1,2,-94,-119,0,0,0,0,0,0,0,0,200,0,0,0,0,200,-1,2,-94,-122,0,0,0,0,1,0,0-1,2,-94,-123,-1,2,-94,-124,-1,2,-94,-126,-1,2,-94,-127,11133333331333333333-1,2,-94,-70,1544133244;-1753895270;dis;;true;true;true;240;true;24;24;true;false;unspecified-1,2,-94,-80,6454-1,2,-94,-116,111656145-1,2,-94,-118,297503-1,2,-94,-129,dbf7dc80fe51131a1554c496d294accb8f72d4a19f5ba75140779a21214a1f48,1,ff9af2234370a3be6e6e9e867d2439d56992555901ecae90947722d61c51410c,Google Inc.,ANGLE (NVIDIA GeForce RTX 3070 Direct3D11 vs_5_0 ps_5_0),2669885e0376ed57265f041bfbd5a2174ca5b7a1d3bc28048453faef8450e0ef,26-1,2,-94,-121,;1;9;0