7a74G7m23Vrp0o5c9277931.7
-1,2,-94,-100,
Mozilla/5.0 (Windows NT 10.0; Win64; x64; rv:87.0) Gecko/20100101 Firefox/87.0,
uaend,
11059,
20100101,
en-US,
Gecko,
0,
0,
0,
0,
400889,
7788898,
2560,1040,2560,1080,2560,1080,2572
,,cpen:0,
i1:0,
dm:0,
cwen:0,
non:1,
opc:0,
fc:1,
sc:0,
wrc:1,
isc:79,
vib:1,
bat:0,
x11:0,
x12:1,
5565,
0.215497607107,
814658894448.5,
0,
loc:
-1,2,-94,-101,
do_en,dm_en,t_dis
-1,2,-94,-105,
-1,2,-94,-102,

0,2,1,0,2473,1230,0;
1,2,1,0,2516,883,0;
-1,-1,1,0,-1,317,0;

-1,2,-94,-108,

0,1,6554,-2,0,0,1230;
1,3,6556,-2,0,0,1230;
2,2,6613,-2,0,0,1230;
3,1,6757,-2,0,0,1230;
4,3,6757,-2,0,0,1230;5,2,6822,-2,0,0,1230;6,1,6935,-2,0,0,1230;7,3,6935,-2,0,0,1230;8,2,7024,-2,0,0,1230;9,1,7130,-2,0,0,1230;10,3,7131,-2,0,0,1230;11,2,7191,-2,0,0,1230;12,1,7283,-2,0,0,1230;13,3,7284,-2,0,0,1230;14,2,7359,-2,0,0,1230;15,1,7360,-2,0,0,1230;16,3,7361,-2,0,0,1230;17,2,7447,-2,0,0,1230;18,1,7460,-2,0,0,1230;19,3,7461,-2,0,0,1230;20,2,7545,-2,0,0,1230;21,1,7570,-2,0,0,1230;22,3,7571,-2,0,0,1230;23,2,7630,-2,0,0,1230;24,1,7642,-2,0,0,1230;25,3,7642,-2,0,0,1230;26,1,7713,-2,0,0,1230;27,3,7714,-2,0,0,1230;28,2,7724,-2,0,0,1230;29,1,7809,-2,0,0,1230;30,3,7810,-2,0,0,1230;31,2,7838,-2,0,0,1230;32,2,7881,-2,0,0,1230;33,1,7957,-2,0,0,1230;34,3,7957,-2,0,0,1230;35,1,8020,-2,0,0,1230;36,3,8022,-2,0,0,1230;37,2,8062,-2,0,0,1230;38,1,8124,16,0,8,1230;39,2,8159,-2,0,8,1230;40,1,8182,-2,0,8,1230;41,3,8184,-2,0,8,1230;42,2,8248,16,0,0,1230;43,2,8294,-2,0,0,1230;44,1,8303,-2,0,0,1230;45,3,8304,-2,0,0,1230;46,2,8390,-2,0,0,1230;47,1,8523,-2,0,0,1230;48,3,8524,-2,0,0,1230;49,1,8615,-2,0,0,1230;50,3,8616,-2,0,0,1230;51,2,8632,-2,0,0,1230;52,1,8703,-2,0,0,1230;53,3,8704,-2,0,0,1230;54,2,8722,-2,0,0,1230;55,2,8795,-2,0,0,1230;56,1,8871,-2,0,0,1230;57,3,8872,-2,0,0,1230;58,2,8950,-2,0,0,1230;59,1,9022,-2,0,0,1230;60,3,9023,-2,0,0,1230;61,1,9121,-2,0,0,1230;62,3,9122,-2,0,0,1230;63,2,9122,-2,0,0,1230;64,2,9199,-2,0,0,1230;65,1,9206,-2,0,0,1230;66,3,9207,-2,0,0,1230;67,1,9282,-2,0,0,1230;68,3,9283,-2,0,0,1230;69,2,9364,-2,0,0,1230;70,1,9378,9,0,0,1230;71,2,9399,-2,0,0,883;72,2,9469,9,0,0,883;73,1,9782,-2,0,0,883;74,3,9783,-2,0,0,883;75,1,9786,-2,0,0,883;76,3,9786,-2,0,0,883;77,1,9795,-2,0,0,883;78,3,9795,-2,0,0,883;79,1,9803,-2,0,0,883;80,3,9804,-2,0,0,883;81,2,9849,-2,0,0,883;82,2,9869,-2,0,0,883;83,2,9870,-2,0,0,883;84,1,10274,13,0,0,883;-1,2,-94,-110,0,1,132,845,245;1,1,212,809,371;2,1,901,1100,92;3,1,1003,1707,115;4,1,1082,1900,129;5,1,1206,1916,129;6,1,1293,1943,71;7,1,1390,1976,33;8,1,1477,1985,25;9,1,1579,1975,25;10,1,1645,1974,26;11,1,1761,1974,25;12,1,2388,1975,22;13,3,2390,1975,22,-1;14,4,2406,1975,22,-1;15,2,2406,1975,22,-1;16,1,3170,1307,487;17,1,3251,1275,499;18,1,3324,1263,502;19,1,3402,1262,503;20,1,3481,1255,507;21,1,3557,1251,510;22,1,4071,1249,508;23,1,4079,1247,506;24,1,4089,1246,503;25,1,4132,1246,502;26,1,4138,1240,493;27,1,4148,1240,491;28,1,4154,1239,490;29,1,4163,1238,489;30,1,4191,1238,487;31,1,4204,1238,486;32,1,4238,1237,485;33,1,4288,1236,483;34,1,4296,1236,482;35,1,4403,1236,481;36,1,4422,1233,474;37,1,4430,1230,471;38,1,4713,1230,470;39,1,4721,1233,468;40,1,4730,1239,464;41,1,4738,1247,460;42,1,4746,1253,456;43,1,4762,1298,430;44,1,4770,1327,414;45,1,4779,1370,386;46,1,4788,1424,354;47,1,4797,1478,326;48,1,4804,1541,295;49,1,4814,1598,268;50,1,4821,1651,243;51,1,4830,1695,225;52,1,4838,1725,213;53,1,4855,1788,186;54,1,4863,1801,180;55,1,4871,1809,176;56,1,4880,1813,172;57,1,4888,1816,169;58,1,4896,1819,165;59,1,4904,1822,161;60,1,4912,1826,155;61,1,4921,1830,149;62,1,4929,1834,143;63,1,4938,1838,138;64,1,4946,1842,134;65,1,4955,1847,128;66,1,4963,1851,124;67,1,4972,1856,120;68,1,4979,1861,116;69,1,4987,1866,112;70,1,4996,1871,107;71,1,5004,1877,103;72,1,5013,1882,98;73,1,5021,1887,95;74,1,5029,1892,89;75,1,5038,1897,85;76,1,5046,1902,81;77,1,5054,1904,78;78,1,5062,1911,72;79,1,5071,1915,69;80,1,5080,1920,66;81,1,5088,1924,63;82,1,5096,1927,60;83,1,5105,1930,58;84,1,5112,1932,56;85,1,5121,1935,54;86,1,5129,1938,53;87,1,5137,1941,51;88,1,5146,1945,50;89,1,5154,1948,48;90,1,5162,1951,47;91,1,5171,1953,45;92,1,5179,1954,44;93,1,5188,1955,43;94,1,5213,1956,43;95,1,5238,1957,41;96,1,5246,1958,40;97,1,5254,1959,38;98,1,5263,1961,37;99,1,5270,1962,36;100,1,5280,1963,35;101,1,5296,1963,34;102,1,5388,1964,33;104,3,5440,1964,32,-1;105,4,5494,1964,32,-1;106,2,5495,1964,32,-1;166,3,6127,1288,431,-1;167,4,6207,1288,431,-1;168,2,6207,1288,431,-1;180,3,6383,1277,460,1230;182,4,6443,1277,461,1230;183,2,6444,1277,461,1230;-1,2,-94,-117,-1,2,-94,-111,-1,2,-94,-109,-1,2,-94,-114,-1,2,-94,-103,-1,2,-94,-112,https://www.nike.com/launch-1,2,-94,-115,811000,707015,32,0,0,0,1517982,10274,0,1629317788897,8,17429,85,191,2904,8,0,10274,1197737,0,758613A6D393B2E1811A9B2E5C44903D~-1~YAAQQHwauCk+Vhx7AQAAcJ7oWgaKrxzBn5GgnPQMsbqlLlgRZPa232T6Wwixdj6NSFg6CiztakxlEehK2uv+ALl31ywdaSVjUMgSlcxrFjFYkWNmeddAwVJCpy1P3GC+0AlnbnCyvGKzCW7HBVrgYgm/Gsp7yqlXVzYN/Goj3IrQhuRNIofrVQwqZcSiQNjdWy5K4CJJYJ/R70+vzgcjjd7ASW41SspwyvcC0bI+1oZ21w4We+5e5Tz7DwF68xDVnfujU2al/7RGlbfObRwnKFuEtusIvyawU8Goa2JcckHX1ZxquF3QC8N+Oqgd8qeUev8BO2AGaY39uMbIgGVMoBKGgNQNlIsNbv/8ucdZhpVT8dpgCsyNp/0/bf9PWCMhj1ocbn6ieuDlQQ1xW+yVcrLAhrSGCNp4UjogqSZWsRhYRzmzoc1d7UHhi9P26I4B+Yrxtwk0ObZ60IxKD63P77NknWIeNgRXLWIys84w2qcVyFLspyS8JG/dk1DX~-1~-1~-1,46948,704,2125465283,26067385,PiZtE,31591,88,0,-1-1,2,-94,-106,3,8-1,2,-94,-119,0,0,0,0,0,0,0,0,0,0,200,0,0,400,-1,2,-94,-122,0,0,0,0,1,0,0-1,2,-94,-123,-1,2,-94,-124,-1,2,-94,-126,-1,2,-94,-127,11133333331333333333-1,2,-94,-70,1544133244;-1753895270;dis;;true;true;true;240;true;24;24;true;false;unspecified-1,2,-94,-80,6454-1,2,-94,-116,153308901204-1,2,-94,-118,295476-1,2,-94,-129,dbf7dc80fe51131a1554c496d294accb8f72d4a19f5ba75140779a21214a1f48,1,ff9af2234370a3be6e6e9e867d2439d56992555901ecae90947722d61c51410c,Google Inc.,ANGLE (NVIDIA GeForce RTX 3070 Direct3D11 vs_5_0 ps_5_0),2669885e0376ed57265f041bfbd5a2174ca5b7a1d3bc28048453faef8450e0ef,26-1,2,-94,-121,;1;9;0